10164
8223
10211
8202
10203
8358
10402
7824
9565
10087
9001
10695
7100
7390
8405
10550
7939
9848
9957
9780
10168
9390
10750
7727
9386
10842
7611
9084
11056
7016
7065
7256
7963
9971
10413
9517
11053
7643
9193
11276
7015
7061
7240
7912
9897
10941
8651
11156
8069
10266
10556
9997
11058
8732
11315
8003
10151
11025
9142
11650
7121
7473
8711
11392
8364
10915
9899
11641
7767
9594
11880
7078
7310
8166
10581
11040
10115
11747
8107
10472
11413
9388
12117
7093
7367
8369
11050
10645
11455
9737
12293
7029
7114
7448
8650
11592
9757
12438
7007
7027
7106
7418
8552
11485
10482
12255
8298
11007
11657
10313
12542
7616
9207
12453
8167
10738
12334
8788
11979
10005
12897
7012
7047
7187
7725
9557
12889
7514
8889
12217
9971
13116
7017
7066
7264
8013
10402
13185
7218
7845
9934
13290
7119
7469
8743
12084
11195
12834
9204
12826
9360
13031
8815
12261
11180
13117
8797
12252
11405
12983
9503
13291
8613
11922
12369
11482
13129
9491
13354
8881
12483
11518
13291
9359
13255
9605
13561
8721
12216
12465
12001
12931
10972
14069
7360
8371
11451
13847
8491
11752
13619
9478
13574
9751
13910
8766
12392
12911
11873
13777
9553
13754
9759
14017
9022
12947
12188
13641
10482
14617
7252
7976
10418
14654
7418
8586
12067
14153
9513
13855
10575
14849
7283
8095
10787
14979
7082
7327
8259
11260
15076
7096
7380
8453
11788
14961
7929
10303
14935
8252
11261
15314
7024
7095
7377
8444
11795
15277
7641
9375
13856
12316
15015
8974
13090
14086
12003
15417
7871
10141
15037
9457
14075
12403
15301
8816
12777
14990
10080
15055
10000
14973
10393
15440
8965
13153
14802
11223
16021
7156
7615
9300
13895
13789
14045
13567
14534
12524
15905
8367
11672
16320
7001
7003
7013
7053
7210
7825
10018
15237
11328
16445
7299
8161
11087
16393
7810
9975
15245
11842
16700
7000
7000
7000
7001
7002
7009
7038
7150
7591
9227
13919
15390
12244
16952
7112
7445
8704
12669
16917
7642
9410
14358
15091
13604
16298
10297
15951
11517
17133
7581
9196
13927
16163
11243
17054
8340
11680
17348
7444
8702
12716
17461
7315
8224
11337
17270
8358
11747
17552
7505
8930
13342
17407
8366
