11.56
10.44
11.56
10.43
11.54
10.5
11.63
10.2
11.15
11.43
10.83
11.74
9.8
9.96
10.49
11.62
10.24
11.23
11.28
11.18
11.37
10.97
11.65
10.12
10.95
11.67
10.05
10.78
11.75
9.76
9.78
9.87
10.22
11.18
11.38
10.95
11.67
10.05
10.78
11.75
9.76
9.78
9.86
10.17
11.07
11.54
10.5
11.62
10.23
11.21
11.33
11.08
11.54
10.51
11.63
10.19
11.11
11.49
10.67
11.74
9.8
9.95
10.47
11.6
10.32
11.38
10.95
11.67
10.07
10.81
11.74
9.78
9.88
10.22
11.19
11.37
10.99
11.63
10.19
11.12
11.48
10.68
11.74
9.79
9.89
10.28
11.3
11.14
11.44
10.79
11.75
9.76
9.79
9.92
10.36
11.45
10.77
11.75
9.75
9.76
9.79
9.9
10.31
11.36
11.0
11.63
10.21
11.17
11.4
10.92
11.69
9.97
10.52
11.64
10.15
11.04
11.58
10.36
11.45
10.77
11.75
9.75
9.77
9.81
9.99
10.6
11.71
9.92
10.37
11.47
10.72
11.75
9.76
9.77
9.84
10.08
10.84
11.73
9.82
10.02
10.68
11.74
9.79
9.9
10.3
11.34
11.06
11.56
10.43
11.55
10.48
11.6
10.3
11.35
11.02
11.6
10.29
11.33
11.07
11.54
10.5
11.62
10.23
11.21
11.33
11.07
11.55
10.48
11.6
10.3
11.34
11.06
11.56
10.43
11.54
10.49
11.62
10.24
11.23
11.29
11.16
11.42
10.86
11.72
9.85
10.13
10.98
11.64
10.16
11.06
11.56
10.43
11.54
10.5
11.62
10.23
11.2
11.34
11.06
11.56
10.43
11.55
10.48
11.61
10.28
11.31
11.11
11.49
10.66
11.73
9.82
10.0
10.63
11.72
9.86
10.16
11.05
11.57
10.39
11.49
10.66
11.73
9.82
10.03
10.7
11.74
9.77
9.83
10.06
10.8
11.74
9.77
9.84
10.11
10.92
11.69
9.98
10.55
11.67
10.05
10.78
11.75
9.76
9.77
9.84
10.09
10.89
11.71
9.9
10.31
11.36
11.0
11.63
10.21
11.17
11.4
10.91
11.7
9.95
10.47
11.6
10.31
11.37
10.98
11.64
10.16
11.06
11.56
10.45
11.56
10.42
11.54
10.51
11.63
10.19
11.12
11.48
10.68
11.74
9.78
9.89
10.25
11.26
11.23
11.28
11.18
11.38
10.95
11.67
10.04
10.75
11.75
9.75
9.75
9.75
9.76
9.79
9.92
10.39
11.49
10.66
11.73
9.81
9.99
10.6
11.71
9.92
10.37
11.46
10.75
11.75
9.75
9.75
9.75
9.75
9.75
9.75
9.76
9.78
9.87
10.2
11.14
11.44
10.8
11.74
9.77
9.84
10.09
10.88
11.72
9.88
10.23
11.2
11.34
11.05
11.57
10.4
11.5
10.63
11.72
9.86
10.18
11.09
11.52
10.57
11.68
10.01
10.65
11.73
9.83
10.07
10.84
11.73
9.81
9.98
10.57
11.68
10.01
10.64
11.73
9.84
10.11
10.93
11.68
10.0
10.64
11.72
9.85
10.14
11.01
